30
1 10
8 2
3 100
2 2
4 2
6 2
3 100
2 2
50 2
98 4
1 10
4 118
1 100
46 68
1 10000
5000 50
10 1000
14 100
34 186
40 104
174 54
216 128
218 120
298 10
358 124
624 192
686 162
11 1000
38 166
98 54
268 2
274 44
400 20
608 40
692 82
704 114
756 38
818 32
872 8
12 10000
768 154
1538 146
2306 168
3076 86
3844 118
4614 126
5382 122
6152 28
6920 108
7690 148
8458 26
9228 144
13 10000
108 190
168 186
228 60
394 4
434 144
844 94
848 174
1138 132
1698 176
1962 188
2994 124
7924 66
8480 140
21 1000
44 146
90 150
134 32
180 150
224 88
270 128
314 114
360 120
404 92
450 92
494 158
540 4
584 126
630 154
674 60
720 110
764 160
810 166
854 60
900 194
944 24
23 1000
10 130
46 78
138 178
152 184
164 106
322 16
372 122
394 54
422 124
534 120
680 166
688 34
716 36
764 72
782 154
802 94
806 146
810 18
832 108
874 68
926 136
934 28
940 142
50 1000
8 180
24 42
32 134
52 154
58 128
70 186
78 80
82 76
126 126
150 180
168 148
180 116
196 98
218 64
230 52
238 102
246 6
252 166
264 54
282 170
300 90
306 58
320 96
326 110
328 84
334 166
358 56
376 36
378 120
394 174
408 10
424 56
432 126
436 44
450 104
456 168
462 84
468 166
478 52
566 44
578 104
584 196
614 52
638 114
650 76
662 162
682 198
686 32
878 110
932 42
52 1000
18 158
36 146
54 72
72 18
90 142
108 8
126 38
144 182
162 198
180 184
198 196
216 110
234 66
252 26
270 18
288 56
306 132
324 178
342 168
360 22
378 20
396 152
414 66
432 42
450 138
468 160
486 108
504 102
522 44
540 46
558 70
576 72
594 52
612 192
630 130
648 84
666 78
684 34
702 180
720 78
738 154
756 182
774 114
792 198
810 46
828 76
846 142
864 148
882 140
900 150
918 28
936 162
54 1000
6 142
38 72
50 40
64 198
66 32
92 14
102 92
104 72
116 122
144 28
168 148
224 138
236 198
274 14
316 50
322 178
340 128
364 20
366 178
370 120
376 186
380 152
440 144
448 82
450 102
464 100
480 148
540 128
574 142
576 154
598 128
612 150
648 66
656 44
678 2
684 152
686 38
690 38
706 150
730 132
780 156
818 60
832 40
838 68
848 86
852 66
872 92
886 168
892 28
894 192
906 158
932 156
936 136
966 182
71 1000
4 144
6 174
8 134
16 52
22 194
32 112
50 128
54 66
58 146
66 152
80 84
90 100
100 162
104 104
108 176
120 122
122 146
126 126
132 50
136 156
140 92
150 114
162 24
166 102
174 10
190 76
196 152
198 58
202 94
206 188
208 34
226 186
256 142
260 130
270 162
274 66
276 56
284 182
290 28
298 170
312 184
320 104
322 52
328 20
332 42
366 44
382 22
390 46
406 64
412 126
426 116
432 138
434 8
442 170
444 134
450 58
456 18
468 146
478 88
520 132
558 148
584 62
598 90
600 30
602 22
630 96
648 2
662 158
728 172
858 18
910 68
73 1000
12 174
26 158
38 150
52 56
64 72
78 192
90 126
104 148
116 176
130 184
142 46
156 40
168 130
182 154
194 132
208 138
220 136
234 64
246 78
260 128
272 2
286 72
298 166
312 144
324 18
338 62
350 178
364 64
376 28
390 12
402 162
416 146
428 134
442 54
454 70
468 112
480 160
494 68
506 144
520 134
532 144
546 164
558 76
572 182
584 188
598 120
610 180
624 32
636 104
650 6
662 34
676 138
688 26
702 136
714 28
728 164
740 192
754 90
766 62
780 66
792 82
806 76
818 42
832 156
844 118
858 10
870 8
884 130
896 102
910 166
922 158
936 142
948 4
75 1000
24 32
54 80
80 26
86 84
92 16
94 26
100 120
104 132
140 74
142 198
176 10
198 32
200 72
206 122
214 106
246 124
264 156
282 108
316 92
328 158
388 150
392 156
402 40
412 54
418 46
420 184
426 54
448 192
450 68
454 66
460 160
462 56
488 184
502 188
526 194
528 52
544 154
580 8
588 126
608 186
612 126
630 104
640 34
650 24
652 108
660 34
682 172
684 144
688 164
706 58
722 120
728 26
740 192
772 54
776 44
792 72
808 148
824 110
832 82
844 154
878 36
884 68
890 104
892 22
894 46
904 132
924 6
940 80
944 198
952 54
960 22
962 124
984 98
990 132
996 14
77 1000
4 58
10 12
40 46
42 176
60 24
64 70
68 106
74 100
78 4
98 180
100 68
106 12
124 46
126 46
130 162
162 102
178 190
184 166
188 110
192 198
194 72
198 8
202 128
204 130
234 74
242 98
244 88
250 26
256 132
258 2
288 72
318 174
326 174
330 170
346 104
350 84
370 100
392 10
398 42
400 124
406 66
412 128
420 22
422 180
428 14
432 196
434 82
464 170
466 6
474 94
476 104
486 190
540 56
558 174
560 116
562 152
568 78
570 18
578 130
596 112
616 20
622 190
626 92
628 96
634 182
662 64
698 184
718 86
722 42
728 140
826 18
848 122
850 112
888 4
900 142
922 196
944 18
79 1000
12 116
24 72
36 128
48 98
60 154
72 190
84 36
96 90
108 156
120 172
132 48
144 42
156 116
168 58
180 48
192 198
204 154
216 44
228 86
240 4
252 62
264 108
276 64
288 136
300 154
312 142
324 128
336 186
348 34
360 102
372 180
384 40
396 12
408 58
420 120
432 180
444 172
456 48
468 42
480 194
492 32
504 8
516 26
528 90
540 166
552 110
564 84
576 88
588 190
600 168
612 164
624 128
636 40
648 14
660 150
672 140
684 122
696 134
708 124
720 96
732 134
744 98
756 100
768 130
780 76
792 198
804 38
816 128
828 62
840 76
852 164
864 68
876 72
888 154
900 36
912 118
924 36
936 40
948 104
101 1000
8 46
84 190
96 80
100 114
116 188
128 78
134 42
136 62
152 164
164 136
174 140
176 22
200 52
204 194
214 22
222 8
224 70
228 50
246 184
294 88
296 168
314 112
342 176
352 38
366 128
368 26
388 170
396 126
406 72
410 152
416 180
426 64
432 76
450 108
470 176
482 48
492 150
494 162
508 100
510 78
526 144
528 140
538 68
540 96
542 190
548 44
558 188
560 170
584 54
586 180
588 30
594 22
598 18
600 76
604 176
606 114
618 72
624 108
628 174
644 58
646 196
654 182
664 6
666 96
670 164
672 174
688 42
696 52
702 16
734 10
746 52
748 70
762 20
772 180
774 144
788 184
790 136
822 140
828 44
832 30
834 118
838 160
844 18
850 64
862 126
866 110
880 14
882 116
892 134
908 114
914 124
936 176
940 72
944 198
948 160
952 48
958 144
960 50
964 44
976 150
978 48
200 2000
4 122
10 76
12 70
14 138
16 48
20 54
22 58
24 16
26 38
30 168
34 62
38 188
46 54
52 20
56 98
62 68
64 10
76 146
84 14
94 28
102 102
104 106
108 190
112 194
114 18
118 108
124 84
130 116
134 132
136 126
138 12
140 34
146 10
152 34
158 122
160 58
164 126
168 138
170 182
180 110
186 150
192 14
196 58
198 158
200 52
202 28
212 112
214 28
220 38
236 18
242 108
270 54
286 152
288 196
296 132
300 136
302 108
316 80
320 138
332 6
346 54
350 104
352 86
356 76
360 196
362 2
366 4
372 100
374 6
378 102
382 22
384 198
390 96
392 112
394 48
396 88
412 128
430 114
446 124
450 56
452 58
456 98
458 16
460 124
462 8
464 28
466 180
468 166
498 116
502 118
508 112
514 170
520 88
526 136
532 24
534 62
540 132
550 192
552 26
556 68
558 30
560 64
566 178
578 8
586 56
606 66
620 170
622 110
634 40
640 164
646 42
650 182
652 142
664 134
666 48
668 58
672 182
684 2
698 86
706 170
718 146
738 66
754 36
760 50
762 66
764 84
772 184
776 80
778 102
780 90
784 106
786 182
792 88
800 102
804 158
816 170
852 56
858 148
878 162
898 174
922 88
930 28
936 68
954 154
962 196
964 140
986 112
990 78
998 142
1010 82
1014 100
1020 150
1036 146
1046 30
1054 140
1056 102
1080 154
1112 180
1116 12
1122 132
1130 42
1134 38
1156 142
1160 84
1164 12
1170 72
1216 156
1222 56
1242 166
1256 96
1264 150
1284 50
1290 114
1306 122
1362 96
1364 36
1384 178
1386 194
1402 108
1424 36
1434 90
1438 6
1482 170
1518 22
1558 110
1562 180
1566 52
1580 8
1588 78
1632 32
1650 48
1656 146
1660 130
1668 54
1708 36
1742 30
1820 180
1822 188
1902 66
1932 138
202 2000
8 102
18 126
26 54
36 120
44 108
54 38
62 114
72 8
80 90
90 56
98 130
108 196
116 172
126 76
134 126
144 26
152 70
162 166
170 188
180 60
188 88
198 8
206 132
216 164
224 188
234 26
242 74
252 92
260 114
270 44
278 70
288 14
296 18
306 110
314 186
324 198
332 198
342 122
350 8
360 172
368 172
378 142
386 70
396 50
404 84
414 168
422 108
432 118
440 104
450 100
458 160
468 178
476 190
486 48
494 188
504 148
512 78
522 110
530 144
540 168
548 76
558 194
566 46
576 4
584 114
594 198
602 62
612 102
620 64
630 108
638 148
648 154
656 110
666 140
674 6
684 94
692 62
702 122
710 134
720 172
728 136
738 160
746 172
756 94
764 134
774 64
782 46
792 174
800 110
810 126
818 122
828 174
836 74
846 166
854 164
864 138
872 38
882 10
890 176
900 82
908 122
918 84
926 12
936 92
944 38
954 14
962 12
972 58
980 80
990 148
998 126
1008 188
1016 136
1026 4
1034 28
1044 162
1052 10
1062 128
1070 18
1080 50
1088 40
1098 170
1106 86
1116 46
1124 60
1134 54
1142 94
1152 174
1160 78
1170 22
1178 28
1188 192
1196 132
1206 112
1214 156
1224 42
1232 128
1242 182
1250 158
1260 82
1268 70
1278 26
1286 94
1296 76
1304 110
1314 138
1322 112
1332 152
1340 48
1350 94
1358 114
1368 86
1376 58
1386 6
1394 98
1404 126
1412 130
1422 122
1430 188
1440 184
1448 162
1458 192
1466 108
1476 124
1484 8
1494 30
1502 44
1512 184
1520 198
1530 150
1538 110
1548 124
1556 94
1566 102
1574 142
1584 66
1592 114
1602 162
1610 18
1620 60
1628 32
1638 168
1646 42
1656 120
1664 10
1674 58
1682 18
1692 188
1700 122
1710 2
1718 106
1728 156
1736 72
1746 146
1754 96
1764 170
1772 190
1782 28
1790 24
1800 16
1808 112
1818 72
304 2000
4 18
16 72
24 146
26 112
42 186
56 114
74 2
78 120
82 134
94 128
96 82
100 196
102 42
108 120
114 34
124 176
130 28
140 140
146 170
164 150
168 176
178 170
190 154
196 60
200 24
202 40
204 72
210 190
212 134
224 84
230 166
236 6
242 102
246 86
268 58
278 192
284 48
290 188
292 112
294 4
300 126
312 130
318 186
320 134
332 114
344 84
348 196
352 36
360 186
366 64
372 168
376 110
400 162
408 174
424 186
428 70
430 158
444 44
446 108
458 122
460 64
462 172
480 82
482 48
486 10
490 82
496 106
500 46
504 62
506 196
508 70
532 22
548 104
558 20
560 148
568 164
570 126
582 16
584 146
596 100
602 56
606 70
608 80
610 90
612 34
614 84
630 16
636 136
644 194
648 150
652 24
654 56
662 78
664 158
672 66
680 12
686 148
688 166
690 104
696 164
698 94
700 74
706 18
720 86
722 80
724 86
728 30
730 52
732 122
738 108
744 42
756 28
758 12
762 186
770 154
772 82
780 166
784 108
786 172
788 14
792 8
802 78
808 16
810 148
814 40
818 6
820 168
824 104
832 54
834 98
838 146
840 38
848 44
854 96
856 70
858 4
860 192
864 76
882 158
892 156
894 178
896 100
898 20
902 174
920 142
924 90
926 114
930 68
932 168
938 194
940 156
946 156
950 194
952 188
958 144
960 164
966 24
974 26
980 8
982 28
992 176
1016 68
1028 184
1032 140
1038 16
1042 84
1046 114
1048 70
1068 96
1086 168
1090 138
1092 32
1094 178
1098 76
1100 176
1108 184
1112 62
1134 102
1138 150
1146 24
1150 56
1166 40
1176 38
1180 106
1182 72
1190 86
1204 150
1210 50
1212 130
1264 76
1274 164
1276 172
1284 84
1292 126
1298 46
1300 152
1304 138
1308 8
1312 4
1320 78
1338 164
1340 194
1346 30
1354 26
1368 36
1372 62
1378 184
1388 198
1394 94
1396 186
1400 122
1402 120
1408 64
1410 80
1412 50
1416 104
1418 68
1426 22
1434 28
1436 148
1440 80
1442 150
1450 196
1454 28
1460 66
1462 150
1472 24
1474 138
1476 158
1478 172
1486 152
1488 112
1512 92
1518 26
1524 172
1528 78
1544 70
1554 26
1570 84
1572 52
1574 92
1576 148
1588 160
1592 124
1594 50
1600 98
1608 2
1618 84
1620 142
1626 86
1654 50
1656 2
1676 4
1678 196
1680 28
1682 170
1684 130
1686 74
1688 84
1696 162
1702 42
1708 36
1718 158
1724 152
1726 90
1744 174
1754 172
1760 124
1762 34
1764 86
1778 80
1792 70
1796 18
1810 40
1822 62
1832 190
1836 88
1848 16
1850 62
1852 68
1858 158
1868 20
1874 158
1878 136
1880 58
1882 98
1888 144
1894 82
1896 4
1904 66
1906 54
1912 76
1918 170
1920 190
1926 178
1930 74
1934 90
1944 198
1968 104
1976 94
1980 86
1986 100
1990 148
1994 78
306 2000
4 130
8 72
10 28
12 110
14 6
16 46
18 36
20 172
26 172
30 44
32 12
34 98
36 172
38 136
40 194
42 118
44 148
50 58
52 192
54 78
56 60
60 156
64 8
68 142
72 32
74 84
76 40
82 126
86 38
88 186
90 192
92 190
94 82
96 78
98 44
100 104
102 100
108 138
110 172
112 190
114 170
118 56
120 82
122 4
130 2
138 114
140 144
144 4
148 148
154 158
156 28
158 94
160 68
168 164
176 44
180 132
182 106
184 88
186 58
190 6
194 102
198 2
200 198
202 22
204 108
220 110
232 32
234 16
240 138
244 102
246 20
248 110
252 188
258 40
260 126
262 104
264 96
268 178
270 198
272 78
276 40
286 2
290 176
292 164
296 88
298 10
302 168
304 62
306 164
308 158
310 58
322 36
326 30
328 84
332 36
334 38
342 106
344 28
352 172
354 44
356 86
358 182
366 2
368 198
370 154
372 162
374 2
376 184
380 26
386 154
392 32
414 86
420 134
428 6
432 112
436 34
438 46
444 54
446 42
450 96
454 42
456 124
458 76
460 54
464 52
470 82
484 110
488 186
490 192
492 26
494 26
496 74
500 30
502 60
504 10
506 136
516 20
518 134
520 124
524 138
526 90
534 112
536 176
538 172
542 158
548 144
554 74
560 132
562 190
566 110
568 188
570 6
578 196
580 174
588 116
594 194
596 122
598 92
602 92
604 8
610 104
612 50
616 112
620 86
624 178
650 66
656 10
662 172
672 144
674 6
682 90
684 138
686 96
688 168
692 40
694 68
696 56
700 134
718 70
720 190
722 88
724 22
726 12
730 146
734 102
738 32
740 156
742 86
744 112
746 50
748 118
774 28
782 192
788 182
790 122
792 154
796 56
814 172
828 32
834 168
840 116
842 174
844 54
850 62
858 180
860 82
864 94
870 106
874 194
886 34
888 74
892 28
896 24
902 88
914 172
916 74
938 52
942 160
948 138
950 46
952 12
956 132
966 196
974 174
994 36
1002 56
1006 118
1020 52
1022 112
1028 194
1030 176
1036 170
1056 136
1058 182
1062 146
1064 72
1070 184
1074 56
1076 82
1078 8
1080 152
1082 38
1090 32
1092 158
1102 198
1112 46
1120 6
1130 126
1136 158
1146 180
1166 176
1168 88
1170 124
1176 168
1180 8
1184 168
1190 24
1210 44
1220 130
1240 36
1246 102
1248 196
1250 16
1252 26
1254 28
1264 114
1272 62
1294 34
1300 80
1302 134
1316 16
1322 86
1350 134
1358 98
1370 60
1372 196
1398 140
1408 78
1434 116
1484 50
1490 154
1496 44
1510 146
1532 120
1542 86
1558 26
1572 96
1576 122
1584 166
1592 62
1604 154
1620 64
1638 114
1652 78
1660 180
1668 164
1670 30
1674 198
1678 64
1692 100
1724 154
1730 10
1762 170
1784 54
1824 160
1898 102
491 10000
20 34
40 42
60 86
80 12
100 178
120 178
140 188
160 52
180 102
200 144
220 38
240 14
260 72
280 140
300 96
320 170
340 158
360 184
380 148
400 190
420 182
440 22
460 4
480 4
500 188
520 116
540 14
560 14
580 102
600 14
620 68
640 82
660 12
680 88
700 198
720 112
740 130
760 36
780 34
800 48
820 62
840 54
860 46
880 90
900 26
920 128
940 58
960 176
980 78
1000 146
1020 122
1040 124
1060 198
1080 22
1100 24
1120 52
1140 42
1160 32
1180 176
1200 124
1220 26
1240 64
1260 114
1280 16
1300 12
1320 32
1340 156
1360 96
1380 182
1400 142
1420 70
1440 24
1460 10
1480 40
1500 92
1520 56
1540 100
1560 174
1580 120
1600 30
1620 16
1640 180
1660 74
1680 112
1700 70
1720 176
1740 190
1760 194
1780 188
1800 72
1820 90
1840 162
1860 26
1880 92
1900 176
1920 22
1940 18
1960 54
1980 154
2000 122
2020 16
2040 14
2060 108
2080 102
2100 104
2120 182
2140 78
2160 148
2180 124
2200 172
2220 170
2240 22
2260 46
2280 20
2300 160
2320 38
2340 110
2360 104
2380 20
2400 44
2420 172
2440 172
2460 118
2480 194
2500 58
2520 186
2540 152
2560 166
2580 190
2600 30
2620 112
2640 188
2660 170
2680 160
2700 172
2720 166
2740 70
2760 60
2780 28
2800 60
2820 186
2840 198
2860 112
2880 186
2900 8
2920 90
2940 60
2960 20
2980 100
3000 8
3020 44
3040 138
3060 102
3080 158
3100 140
3120 130
3140 148
3160 30
3180 152
3200 60
3220 60
3240 136
3260 62
3280 142
3300 68
3320 82
3340 106
3360 32
3380 196
3400 142
3420 80
3440 118
3460 40
3480 134
3500 68
3520 106
3540 116
3560 110
3580 162
3600 26
3620 90
3640 84
3660 14
3680 176
3700 58
3720 140
3740 148
3760 118
3780 184
3800 88
3820 112
3840 48
3860 116
3880 36
3900 160
3920 68
3940 192
3960 74
3980 172
4000 60
4020 150
4040 194
4060 92
4080 98
4100 116
4120 44
4140 180
4160 100
4180 148
4200 90
4220 184
4240 68
4260 2
4280 126
4300 108
4320 186
4340 82
4360 134
4380 72
4400 158
4420 134
4440 28
4460 182
4480 30
4500 24
4520 86
4540 80
4560 102
4580 98
4600 28
4620 52
4640 160
4660 160
4680 70
4700 42
4720 18
4740 106
4760 192
4780 12
4800 40
4820 52
4840 140
4860 160
4880 2
4900 18
4920 126
4940 112
4960 150
4980 188
5000 44
5020 138
5040 88
5060 24
5080 110
5100 130
5120 46
5140 16
5160 144
5180 10
5200 20
5220 6
5240 26
5260 44
5280 180
5300 26
5320 122
5340 30
5360 140
5380 180
5400 38
5420 138
5440 136
5460 144
5480 54
5500 38
5520 118
5540 198
5560 56
5580 36
5600 188
5620 166
5640 66
5660 108
5680 192
5700 152
5720 190
5740 150
5760 72
5780 92
5800 154
5820 60
5840 38
5860 8
5880 144
5900 68
5920 114
5940 116
5960 198
5980 62
6000 170
6020 166
6040 26
6060 162
6080 144
6100 110
6120 128
6140 82
6160 162
6180 72
6200 94
6220 106
6240 168
6260 166
6280 92
6300 52
6320 196
6340 86
6360 114
6380 46
6400 46
6420 24
6440 154
6460 62
6480 20
6500 60
6520 56
6540 62
6560 102
6580 166
6600 34
6620 78
6640 58
6660 168
6680 6
6700 102
6720 158
6740 6
6760 154
6780 90
6800 124
6820 28
6840 10
6860 172
6880 98
6900 110
6920 108
6940 162
6960 78
6980 64
7000 122
7020 46
7040 30
7060 148
7080 82
7100 162
7120 76
7140 194
7160 26
7180 180
7200 26
7220 88
7240 64
7260 128
7280 194
7300 160
7320 14
7340 184
7360 28
7380 50
7400 6
7420 162
7440 28
7460 126
7480 160
7500 100
7520 128
7540 84
7560 192
7580 158
7600 44
7620 186
7640 50
7660 192
7680 40
7700 174
7720 164
7740 26
7760 154
7780 106
7800 110
7820 2
7840 104
7860 148
7880 14
7900 186
7920 20
7940 176
7960 84
7980 76
8000 132
8020 40
8040 62
8060 126
8080 144
8100 108
8120 104
8140 174
8160 162
8180 154
8200 124
8220 64
8240 158
8260 36
8280 128
8300 152
8320 34
8340 178
8360 124
8380 42
8400 54
8420 164
8440 162
8460 116
8480 114
8500 192
8520 102
8540 136
8560 14
8580 126
8600 38
8620 42
8640 6
8660 130
8680 190
8700 128
8720 194
8740 164
8760 186
8780 94
8800 38
8820 140
8840 162
8860 28
8880 122
8900 46
8920 178
8940 10
8960 116
8980 6
9000 174
9020 108
9040 10
9060 4
9080 28
9100 136
9120 162
9140 36
9160 46
9180 194
9200 96
9220 188
9240 98
9260 176
9280 118
9300 56
9320 150
9340 30
9360 138
9380 170
9400 154
9420 186
9440 136
9460 46
9480 76
9500 120
9520 82
9540 130
9560 14
9580 64
9600 128
9620 66
9640 26
9660 52
9680 102
9700 122
9720 146
9740 94
9760 108
9780 56
9800 50
9820 82
493 10000
14 62
30 62
46 34
62 26
68 168
80 114
92 20
100 176
178 68
190 64
246 142
272 28
292 144
296 146
306 154
354 158
372 180
390 126
396 172
408 108
418 18
420 50
470 70
504 150
590 58
596 104
598 160
616 16
618 6
622 6
684 120
710 96
724 110
736 20
746 190
786 16
798 132
824 54
826 6
836 138
840 116
878 108
892 76
926 60
928 152
940 142
952 106
956 80
968 60
1000 44
1012 124
1020 116
1024 132
1036 126
1046 66
1078 198
1124 82
1142 110
1156 148
1180 78
1192 146
1224 134
1246 70
1256 40
1276 82
1308 184
1314 194
1320 50
1324 10
1380 126
1424 168
1430 186
1438 18
1464 62
1506 102
1542 198
1546 116
1586 28
1600 124
1614 18
1628 48
1648 176
1680 170
1690 4
1724 124
1732 22
1734 74
1750 14
1752 190
1782 96
1790 90
1792 40
1796 142
1820 32
1848 118
1862 68
1872 22
1984 176
2022 144
2024 186
2032 168
2076 174
2090 160
2146 142
2214 56
2244 14
2246 90
2298 168
2316 24
2322 182
2326 10
2340 122
2370 28
2372 42
2378 114
2408 104
2438 146
2444 16
2446 196
2476 40
2512 12
2542 148
2560 64
2570 194
2590 66
2596 28
2602 30
2608 62
2688 38
2720 8
2732 152
2790 32
2802 148
2804 122
2820 132
2828 70
2838 188
2848 46
2862 138
2864 32
2900 36
2910 86
2966 74
2978 196
2994 142
3010 148
3014 182
3026 92
3034 126
3060 86
3100 56
3104 160
3130 28
3134 144
3140 176
3144 178
3148 158
3164 146
3222 76
3226 142
3314 118
3344 78
3364 154
3378 130
3408 64
3444 194
3446 174
3450 78
3466 38
3468 44
3480 160
3500 194
3508 78
3510 110
3556 158
3560 90
3582 10
3596 198
3608 20
3614 184
3646 154
3652 102
3684 188
3688 108
3706 196
3708 168
3748 154
3754 172
3764 34
3778 102
3798 48
3816 80
3844 108
3846 192
3856 102
3860 170
3862 184
3876 110
3902 78
3942 122
3954 98
3968 72
3974 92
4042 10
4072 44
4094 120
4124 16
4154 86
4160 116
4188 86
4200 86
4238 148
4240 96
4262 32
4282 58
4298 60
4360 146
4372 84
4382 138
4396 96
4418 68
4460 114
4472 64
4482 80
4488 130
4516 140
4524 172
4548 192
4566 162
4574 78
4642 166
4646 196
4662 130
4666 2
4702 78
4704 170
4712 194
4718 74
4732 110
4740 118
4762 14
4794 104
4808 66
4830 86
4848 178
4890 126
4892 40
4894 30
4896 178
4904 154
4914 86
4916 20
4932 10
4942 88
4952 154
4972 2
4978 168
4982 108
5110 150
5148 172
5170 14
5206 2
5220 76
5230 140
5248 162
5252 92
5284 94
5324 122
5342 166
5356 28
5380 44
5388 160
5404 122
5428 132
5430 56
5476 50
5502 4
5536 142
5548 26
5588 84
5590 52
5612 40
5616 180
5618 152
5626 174
5648 20
5674 72
5712 136
5720 84
5726 78
5738 44
5856 34
5876 116
5932 82
6008 158
6036 40
6038 94
6088 194
6094 130
6098 42
6102 160
6140 124
6150 122
6190 38
6242 136
6244 48
6278 176
6340 34
6344 138
6346 120
6394 36
6418 122
6426 196
6432 186
6456 20
6504 54
6534 52
6548 4
6594 80
6670 32
6724 2
6732 22
6736 88
6746 38
6770 30
6774 6
6786 92
6804 20
6844 92
6858 158
6876 190
6878 58
6884 144
6928 4
6936 174
6950 10
6954 14
6968 124
6972 166
6978 172
6992 120
7038 2
7050 4
7086 98
7102 122
7114 42
7132 20
7174 16
7244 92
7288 28
7292 172
7296 68
7300 110
7322 110
7356 124
7372 192
7374 70
7404 166
7410 66
7432 54
7454 196
7490 28
7522 102
7532 42
7586 60
7594 4
7636 148
7656 182
7662 184
7696 26
7724 178
7730 150
7734 54
7738 22
7750 174
7776 4
7790 192
7842 42
7892 18
7908 86
7938 118
7954 172
7956 56
7972 78
7976 78
7984 100
7986 20
7998 62
8008 130
8024 36
8072 194
8096 154
8098 110
8106 32
8116 110
8120 8
8174 12
8222 148
8226 108
8306 110
8308 144
8342 10
8372 190
8420 192
8426 18
8438 100
8454 128
8494 76
8510 54
8526 22
8534 66
8544 48
8548 124
8554 14
8556 152
8558 134
8600 34
8606 150
8608 60
8632 132
8636 70
8640 192
8642 108
8656 180
8660 4
8688 2
8692 82
8722 110
8730 74
8732 162
8746 44
8770 184
8772 60
8838 124
8840 194
8846 68
8886 52
8920 62
8940 150
8968 196
8976 6
9002 2
9006 42
9012 32
9040 70
9050 18
9116 12
9124 150
9194 178
9208 10
9232 144
9254 52
9260 114
9272 102
9282 152
9292 38
9300 124
9310 158
9320 96
9328 56
9336 98
9344 62
9426 54
9454 48
9468 164
9478 24
9484 6
9492 86
9514 168
9530 22
9540 50
9588 88
9610 32
9618 6
9628 34
9638 112
9736 84
9756 146
9778 94
9782 88
9796 182
9800 20
9830 198
9852 198
9862 60
9866 122
9880 198
9900 68
9906 180
9964 124
9974 58
9980 88
9982 90
495 10000
2 176
18 30
48 148
64 100
68 170
72 90
104 134
130 162
160 54
168 164
234 20
330 158
340 94
346 88
350 42
354 106
366 74
374 16
398 180
410 6
412 164
418 108
448 184
510 34
512 130
532 148
550 188
552 8
584 138
588 56
592 70
608 116
642 70
650 150
680 104
686 108
692 34
718 156
720 50
726 46
730 166
770 198
774 8
788 58
796 36
806 182
816 194
836 30
872 84
924 180
938 4
954 196
978 98
1024 78
1026 32
1032 10
1042 98
1050 16
1064 104
1098 58
1102 14
1106 158
1122 148
1124 4
1134 8
1136 122
1160 154
1184 96
1200 148
1206 92
1210 76
1232 50
1248 118
1278 98
1390 86
1436 34
1462 66
1470 18
1486 72
1500 140
1530 86
1552 134
1560 188
1574 150
1576 20
1596 92
1600 128
1620 82
1622 62
1624 38
1668 108
1670 166
1708 114
1720 178
1738 102
1742 178
1792 90
1816 2
1820 74
1842 98
1848 162
1852 114
1858 106
1878 72
1882 180
1918 178
1922 46
1946 72
1966 184
1982 152
1988 146
2014 150
2034 86
2038 6
2050 90
2056 144
2058 28
2064 198
2068 90
2098 136
2114 110
2122 106
2126 76
2146 68
2162 196
2168 192
2170 50
2194 60
2202 28
2228 192
2256 4
2262 44
2264 34
2314 88
2332 88
2336 194
2346 52
2378 108
2384 44
2392 54
2428 112
2438 188
2454 170
2470 166
2474 108
2486 66
2494 36
2496 158
2520 144
2552 80
2562 10
2620 58
2626 146
2628 60
2634 50
2636 182
2644 136
2646 122
2686 168
2736 54
2752 156
2776 44
2778 48
2794 154
2814 44
2874 122
2878 50
2932 96
2980 50
3000 94
3002 10
3042 144
3052 80
3078 166
3080 158
3094 94
3106 198
3128 138
3146 116
3150 62
3172 110
3178 70
3198 46
3262 118
3292 96
3308 76
3348 40
3362 30
3378 130
3396 140
3404 108
3422 152
3432 34
3442 42
3460 90
3462 150
3476 192
3500 170
3508 80
3580 48
3586 98
3596 84
3600 34
3646 14
3692 40
3694 182
3736 196
3798 30
3812 18
3814 186
3818 190
3820 16
3824 184
3864 140
3968 26
3998 190
4016 98
4034 78
4046 26
4066 26
4078 88
4082 48
4096 190
4112 154
4152 28
4162 26
4172 174
4182 42
4204 198
4212 30
4226 142
4230 116
4238 154
4262 176
4264 180
4348 22
4350 68
4388 162
4404 34
4414 58
4428 46
4430 112
4438 96
4440 80
4452 144
4468 110
4474 44
4492 134
4494 116
4518 134
4534 154
4536 70
4540 48
4542 106
4558 6
4574 44
4584 128
4608 170
4612 114
4632 132
4640 98
4650 138
4654 70
4722 164
4752 188
4758 14
4794 84
4838 18
4870 154
4874 86
4896 96
4928 66
4940 184
4944 168
4968 30
4974 8
4976 84
4992 42
5042 66
5154 10
5156 126
5250 58
5262 144
5292 168
5312 150
5316 14
5320 4
5330 2
5358 146
5370 198
5394 94
5398 18
5416 46
5438 182
5478 156
5524 40
5534 188
5558 170
5566 144
5618 150
5642 10
5690 170
5706 74
5732 130
5744 152
5752 148
5782 158
5796 40
5808 20
5810 42
5812 122
5824 66
5830 130
5834 198
5852 80
5856 10
5858 74
5960 104
6000 110
6006 2
6028 110
6032 176
6068 68
6074 192
6084 116
6206 86
6212 170
6226 196
6252 162
6262 182
6268 130
6270 62
6290 62
6292 80
6298 124
6306 120
6312 86
6374 190
6386 22
6400 118
6416 86
6418 56
6420 118
6458 142
6484 142
6590 58
6596 18
6604 182
6630 6
6650 168
6660 124
6698 12
6718 68
6720 116
6752 158
6758 44
6764 102
6772 24
6774 152
6834 74
6838 138
6858 118
6900 182
6948 84
6974 58
7152 120
7158 82
7166 102
7220 142
7262 176
7278 124
7316 74
7322 132
7326 80
7328 22
7378 86
7422 4
7430 82
7438 174
7452 170
7504 46
7532 36
7568 108
7586 192
7622 80
7624 166
7630 52
7660 50
7692 116
7714 8
7778 2
7784 102
7834 156
7858 186
7866 10
7956 42
7964 66
7966 46
7998 38
8010 132
8012 98
8042 130
8060 140
8062 34
8088 132
8094 150
8104 72
8156 122
8172 162
8198 50
8240 150
8252 146
8270 30
8282 178
8286 190
8296 98
8314 36
8318 30
8334 14
8350 180
8372 186
8396 96
8424 94
8450 114
8484 88
8486 148
8510 84
8530 64
8548 70
8566 46
8610 160
8628 68
8634 142
8662 22
8680 110
8682 20
8698 172
8704 148
8740 180
8744 80
8776 96
8780 94
8784 98
8808 176
8876 94
8888 110
8912 174
8950 84
8964 36
8984 140
8994 62
9008 110
9018 64
9028 194
9102 76
9118 132
9120 12
9124 108
9152 54
9164 158
9210 172
9220 164
9226 84
9268 146
9314 90
9320 162
9420 52
9426 140
9442 66
9492 198
9552 122
9590 176
9606 94
9608 90
9622 152
9624 30
9626 106
9636 196
9646 126
9648 84
9672 4
9688 86
9746 4
9756 190
9760 16
9764 50
9808 52
9824 174
9832 28
9836 108
9884 128
9896 40
9930 2
9978 80
9996 112
497 10000
4 146
8 166
10 182
20 38
22 72
28 120
30 164
34 54
50 44
54 176
62 152
72 162
74 28
82 180
92 124
116 54
120 158
132 138
144 30
158 174
164 68
166 194
206 130
208 34
212 108
214 128
234 18
242 148
252 100
278 68
288 62
302 46
310 118
328 160
332 180
334 162
336 106
338 30
346 58
356 128
362 104
390 156
396 138
404 198
410 12
416 64
422 96
432 170
456 122
458 194
460 132
474 142
480 126
488 178
498 160
510 28
514 6
530 10
538 80
554 30
562 156
564 156
574 166
590 120
596 144
610 4
620 190
626 198
628 198
642 194
664 80
674 118
680 92
712 104
726 162
752 96
760 104
762 6
766 188
776 74
786 94
792 118
800 156
802 156
812 12
830 192
838 170
850 64
852 30
856 130
858 136
872 172
874 72
888 118
904 122
906 70
924 104
932 16
934 194
946 134
948 134
954 22
962 168
984 168
996 134
1004 196
1010 50
1012 128
1028 8
1032 36
1054 48
1058 176
1060 196
1064 92
1066 112
1072 138
1114 100
1120 52
1122 68
1134 166
1136 56
1142 26
1144 132
1146 96
1172 48
1214 92
1230 44
1256 82
1262 166
1312 38
1314 26
1324 28
1330 86
1332 134
1334 2
1344 190
1350 50
1360 126
1368 64
1378 52
1408 18
1424 10
1428 62
1430 52
1450 46
1458 14
1518 50
1524 84
1544 166
1550 188
1554 106
1570 136
1578 48
1580 152
1582 56
1604 184
1614 80
1622 46
1624 196
1640 118
1642 190
1654 26
1656 156
1660 4
1666 22
1676 172
1678 4
1682 60
1694 146
1698 106
1700 118
1702 82
1712 32
1714 194
1732 166
1736 48
1746 152
1774 100
1776 68
1778 52
1786 176
1822 56
1854 76
1880 132
1882 64
1886 82
1892 142
1910 92
1914 160
1974 154
1984 186
1988 116
1994 142
2024 60
2032 108
2036 60
2044 108
2052 198
2062 140
2074 28
2080 34
2100 68
2104 166
2114 108
2130 132
2206 90
2208 44
2210 82
2212 122
2228 92
2234 104
2242 174
2256 92
2266 120
2272 120
2292 88
2300 60
2318 104
2324 64
2330 140
2336 70
2340 22
2388 164
2402 166
2456 68
2460 136
2494 42
2504 62
2518 98
2528 90
2534 126
2540 110
2542 12
2550 64
2572 6
2574 88
2580 6
2596 198
2604 108
2614 34
2616 52
2634 44
2642 146
2646 50
2652 60
2664 78
2676 122
2678 106
2692 80
2696 30
2702 140
2718 118
2728 184
2758 66
2774 24
2814 146
2840 112
2894 166
2902 160
2932 138
2934 146
2938 148
2944 14
2966 92
2970 70
2974 64
2992 74
3020 44
3022 120
3024 50
3040 130
3046 156
3056 132
3078 126
3080 18
3096 144
3100 34
3104 28
3106 108
3110 54
3142 66
3148 186
3166 136
3206 88
3210 78
3232 124
3238 198
3242 84
3244 116
3252 186
3286 114
3290 96
3296 194
3308 86
3314 198
3336 128
3342 100
3358 152
3366 62
3384 74
3394 144
3426 190
3436 22
3456 76
3466 54
3468 36
3482 188
3510 196
3526 152
3548 104
3594 46
3610 170
3614 48
3616 24
3646 60
3652 178
3680 112
3728 52
3734 76
3762 192
3776 12
3800 150
3808 196
3810 6
3832 180
3846 46
3860 32
3874 140
3882 84
3890 144
3898 96
3918 134
3930 142
3932 186
3968 30
3982 178
3984 192
4016 182
4042 180
4100 8
4116 152
4144 48
4182 52
4202 64
4254 160
4266 108
4292 160
4294 186
4316 48
4320 124
4340 180
4374 44
4394 24
4400 124
4442 146
4454 2
4460 38
4474 176
4506 190
4512 22
4516 92
4522 156
4532 150
4534 64
4540 164
4574 24
4580 154
4588 24
4624 20
4656 96
4694 146
4702 56
4706 160
4732 24
4742 186
4752 110
4760 20
4790 126
4796 132
4802 176
4818 36
4836 36
4844 176
4888 176
4910 70
4918 104
4920 142
4922 96
4960 90
4980 56
5006 110
5014 32
5064 94
5106 40
5116 38
5138 160
5152 68
5160 100
5184 138
5214 140
5216 108
5228 28
5230 92
5266 80
5284 100
5320 12
5344 48
5346 56
5354 144
5364 78
5370 116
5430 82
5444 24
5454 100
5472 80
5532 110
5542 172
5624 192
5650 10
5658 166
5672 58
5738 70
5748 160
5752 2
5832 154
5870 152
5892 26
5906 192
5908 86
5970 44
5982 64
6028 24
6062 110
6120 142
6134 60
6160 94
6190 88
6212 20
6222 178
6310 12
6382 140
6390 86
6436 94
6494 110
6508 146
6584 44
6636 46
6716 124
6724 32
6774 22
6796 16
6806 154
6838 54
6910 36
6916 62
7042 128
7090 30
7106 180
7186 12
7192 196
7204 62
7292 92
7294 158
7334 140
7338 188
7370 132
7448 142
7456 174
7518 32
7536 64
7556 76
7570 62
7590 116
7604 192
7616 90
7658 132
7748 142
7824 24
7844 176
7888 64
7980 52
8014 132
8026 72
8106 80
8268 184
8286 180
8508 74
8522 176
8682 164
8888 122
8894 146
9058 84
9282 24
9390 102
9434 196
9788 122
9800 188
500 10000
8 196
18 68
20 80
22 160
24 142
28 62
34 174
38 104
42 130
52 102
60 82
70 196
78 136
80 26
86 92
96 16
98 14
114 38
120 2
126 30
128 8
148 148
164 38
180 78
182 184
186 50
192 146
194 2
204 72
206 196
208 150
226 196
232 182
234 186
238 174
242 96
266 130
270 180
274 188
278 94
282 58
288 28
290 154
312 138
314 4
322 106
340 130
344 112
356 176
368 86
398 98
406 196
412 176
416 62
424 36
430 194
434 86
436 22
462 176
474 140
484 100
510 128
524 20
544 32
556 46
558 198
564 8
572 180
574 172
578 10
590 50
606 4
612 62
614 42
624 6
646 188
672 190
688 90
690 68
694 56
726 172
736 150
738 34
754 182
772 82
786 24
788 150
804 2
846 16
860 198
892 114
910 190
922 118
928 132
934 164
948 162
954 68
982 12
1006 198
1022 96
1032 182
1038 158
1058 84
1102 198
1104 176
1108 188
1112 52
1128 52
1162 138
1166 196
1168 2
1174 112
1184 134
1188 160
1200 170
1216 60
1220 46
1230 12
1234 190
1274 18
1304 166
1306 152
1310 6
1318 150
1320 78
1322 100
1336 62
1340 100
1348 52
1350 174
1358 46
1362 116
1368 96
1370 178
1378 184
1388 150
1398 156
1422 162
1430 178
1438 22
1444 110
1450 194
1456 188
1478 50
1480 128
1492 92
1528 130
1534 98
1554 6
1560 148
1570 130
1590 56
1596 54
1600 88
1604 170
1630 16
1650 146
1664 66
1666 158
1670 62
1674 108
1692 88
1694 106
1708 104
1720 60
1730 164
1738 18
1754 16
1760 74
1770 88
1772 142
1782 188
1792 188
1818 186
1820 62
1828 122
1860 124
1864 160
1874 14
1882 162
1898 128
1934 104
1964 124
1996 22
2022 108
2024 64
2048 198
2058 168
2070 120
2078 8
2092 70
2096 148
2112 80
2118 192
2120 14
2144 120
2148 46
2166 156
2174 14
2184 46
2186 118
2194 144
2196 162
2218 34
2224 74
2234 24
2248 20
2288 82
2298 24
2318 32
2328 180
2338 108
2344 186
2348 90
2362 86
2370 116
2372 84
2376 170
2394 146
2400 190
2408 6
2418 48
2440 180
2446 158
2448 120
2458 168
2460 64
2470 22
2480 42
2488 136
2498 174
2500 190
2506 2
2514 152
2540 130
2546 40
2550 80
2582 96
2598 34
2600 176
2614 38
2616 8
2646 70
2662 184
2680 186
2690 60
2698 102
2712 34
2718 48
2722 156
2736 138
2748 58
2778 34
2812 52
2836 44
2866 182
2876 104
2880 144
2894 26
2910 50
2934 60
2944 34
2950 70
2954 90
2978 152
2990 176
3004 8
3028 72
3044 148
3062 146
3070 38
3072 142
3094 102
3118 40
3122 176
3126 40
3136 140
3166 112
3176 26
3182 156
3202 186
3222 6
3232 168
3240 134
3276 44
3288 28
3312 178
3320 12
3324 26
3326 92
3362 134
3408 50
3412 122
3424 116
3452 38
3460 74
3468 120
3470 118
3472 20
3476 196
3480 36
3508 52
3516 138
3528 14
3550 68
3554 118
3566 76
3608 108
3626 86
3654 90
3672 80
3674 172
3678 10
3694 144
3706 98
3730 186
3754 110
3756 132
3780 78
3826 120
3830 190
3844 26
3914 96
3924 56
3954 76
3970 196
3980 188
4002 174
4008 168
4010 134
4014 62
4022 74
4084 114
4088 42
4098 12
4102 114
4126 106
4132 84
4172 6
4186 22
4202 76
4210 178
4220 56
4230 52
4250 142
4274 48
4282 62
4288 166
4294 114
4302 60
4308 196
4380 80
4382 38
4390 6
4392 84
4412 98
4434 182
4438 36
4462 194
4502 112
4510 82
4540 18
4558 106
4620 156
4628 180
4654 80
4660 96
4674 68
4678 108
4688 18
4700 74
4724 10
4766 186
4782 108
4806 114
4814 64
4846 128
4868 30
4876 58
4922 22
4940 160
4946 56
4956 166
4960 164
4972 108
4974 134
5000 142
5036 194
5064 130
5072 136
5076 102
5082 100
5114 170
5148 4
5166 186
5176 86
5180 46
5200 84
5212 14
5270 182
5326 80
5344 38
5352 60
5382 86
5394 106
5418 150
5434 186
5488 170
5492 32
5506 56
5548 156
5564 96
5574 166
5604 96
5608 180
5610 128
5620 76
5628 152
5630 180
5636 164
5638 16
5680 140
5682 126
5694 52
5714 48
5760 178
5768 2
5780 104
5788 142
5804 108
5814 132
5822 72
5830 150
5890 118
5938 8
6084 66
6086 148
6126 128
6212 170
6228 30
6236 34
6258 124
6262 96
6266 128
6288 74
6306 116
6316 10
6334 30
6348 126
6396 60
6412 176
6422 20
6494 160
6496 40
6506 48
6548 166
6646 62
6664 66
6776 128
6788 44
6800 116
6826 152
6834 12
6890 36
6938 166
7016 68
7188 30
7206 156
7216 44
7238 194
7276 130
7318 188
7324 36
7340 86
7368 80
7438 48
7498 46
7508 182
7540 178
7660 16
7736 162
7752 82
7800 182
7806 160
7854 104
7856 166
7966 18
7968 146
7974 70
7994 38
8030 4
8138 134
8168 40
8524 162
8858 164
8888 66
9142 94
9154 146
9234 110
9512 160
